0 0 0 0 0 0 0 0 0 0 0 0 0 0 0 0 0 0 0 0 0 0 0 0 0 0 0 0 0 0 0 0 0 0 0 0 0 0 0 0 0 0 0 0 0 0 0 0 0 0 0 0 0 0 0 0 0 0 0 0 0 0 0 0 0 0 0 0 0 0 0 0 0 0 
0 0 0 0 0 0 0 0 0 0 0 0 0 0 0 76 76 76 76 76 76 76 76 76 76 76 76 76 76 76 76 76 76 76 76 76 76 76 76 76 76 76 76 76 76 76 76 76 76 76 76 76 76 76 76 76 76 76 76 76 76 76 76 76 76 76 76 76 76 76 76 76 76 76 
0 0 0 0 0 0 0 0 0 0 0 0 0 0 0 76 76 76 76 76 76 76 76 76 76 76 76 76 76 76 76 76 76 76 76 76 76 76 76 76 76 76 76 76 76 76 76 76 76 76 76 76 76 76 76 76 76 76 76 76 76 76 76 76 76 76 76 76 76 76 76 76 76 76 
0 0 0 0 0 0 0 0 0 0 0 0 0 70 70 76 76 76 76 76 76 76 76 76 76 76 76 76 76 76 76 76 76 76 76 76 76 76 76 76 76 76 76 76 76 76 76 76 76 76 76 76 76 76 76 76 76 76 76 76 76 76 76 76 76 76 76 76 76 76 76 76 76 76 
0 0 0 0 14 14 14 14 14 14 14 14 14 70 70 76 76 84 84 90 90 90 90 90 90 90 90 90 90 90 90 90 90 90 90 90 90 90 90 90 90 90 90 90 90 90 90 90 90 90 90 90 90 90 90 90 90 90 90 90 90 90 90 90 90 90 90 90 90 90 90 90 90 90 
0 0 0 0 14 14 14 14 14 14 14 14 14 70 70 76 76 84 84 90 90 90 90 90 90 90 90 90 90 90 90 90 90 90 119 119 125 125 133 133 139 139 139 139 139 139 139 139 139 139 139 139 139 139 139 139 139 139 139 139 139 139 139 139 139 139 139 139 139 139 139 139 139 139 
0 0 0 0 14 14 14 14 14 14 14 14 14 70 70 76 76 84 84 90 90 90 90 90 90 90 90 90 90 90 90 90 90 90 119 119 125 125 133 133 139 139 139 139 139 139 139 139 139 139 139 139 139 139 139 139 139 139 139 139 139 139 139 139 139 139 139 139 139 139 139 139 139 139 
0 0 0 0 14 14 14 14 14 14 14 75 75 75 75 89 89 89 89 90 90 90 90 90 145 145 151 151 159 159 165 165 165 165 165 165 165 165 165 165 165 165 165 165 165 194 194 200 200 208 208 214 214 214 214 214 214 214 214 214 214 214 214 214 214 214 214 214 214 214 214 214 214 214 
0 0 0 0 14 14 14 14 14 14 14 75 75 75 75 89 89 89 89 90 90 90 90 90 145 145 151 151 159 159 165 165 165 165 165 165 165 165 165 165 165 165 165 165 165 194 194 200 200 208 208 214 214 214 214 214 224 224 230 230 238 238 244 244 244 244 244 244 244 244 244 244 244 244 
0 0 0 0 14 14 14 19 19 19 19 75 75 75 75 89 89 89 94 94 94 94 108 108 145 145 151 151 159 159 165 165 165 170 170 178 178 184 184 184 184 184 184 184 184 194 194 200 200 208 208 214 214 214 219 219 227 227 233 233 238 238 244 244 244 249 249 257 257 257 257 257 257 257 
0 0 0 0 14 14 14 19 19 19 19 75 75 75 75 89 89 89 94 94 94 94 108 108 145 145 151 151 159 159 165 165 165 170 170 178 178 184 184 184 184 184 184 184 184 194 194 200 200 208 208 214 214 214 219 219 227 227 233 233 238 238 244 244 244 249 249 257 257 257 257 257 257 257 
257
